Accuracy:0.5
Precision:0.4673788105947027
Recall:0.5
F-Score:0.4524790236460717