Accuracy:0.8235294222831726
Precision:0.8561151027679443
Recall:0.7777777910232544
F-Score:0.8150685